100 125 108 67 159 143 300 25 180 338 222 42 269 154 399 111 102 40 161 261 100
110 118
110 201 39 291 52 160 103 118
118 286 224 320 339 177 128 328 197 295 149 202
137 267 344 121 371 15 43 343 165 374 183 95 72 147 62 135 293 57 331 254
14 351 168 326 287 90
14 90
145 332 271 1 65 167 265 256 333 259 350 54 304 275 387 319 330 185 312 198
151 240 238 122 89 196 266 46 303 17 288 394
151 394
178 255 317 398 157 367 162 26 294 357 205 27 21 119 187 395
178 395
18 115 353 109 278 349 131 152 284 41 389 173 377 359 127 194 113 268 146 283 18
198 298 22 92
198 92
199 225
199 36 315 277 226 216 306 101 372 225
202 186 366 68 79 289 81 207 237 243 85 279
202 279
225 299 305 347 130 208 383 258 381 393 376 290 44 138 170 369 322 31 6
250 28 396 153 16 176 96 11 117 385 129 84 309 14
279 49 340 270 91 220 236 341 80
30 219 106 336 262 182 179 48 12 87 116 63 188 141 358 235 155 47 134 209 30
307 257 346 212 97 313 4 33 273 285 352 311
311 264 13 66
311 66
318 251 164 227 120 150 64 373
321 61 248 2 55 316 301 53 190 232 107 362 148 171 20 297 348
334 245 114 281 104 230 3 323 356 23 74 274 314 178
337 276 210 360 203 24 241 386 321
337 321
348 318
348 9 133 98 35 363 86 390 318
373 137
373 244 375 77 234 71 214 137
394 379 56 144 361 215 229 78 370 327 308 140 337
395 242 58 8 175 191 156 34 364 51
5 10 296 166 345 378 260 126 7 139 252 391 45 142 206 272 60 397 282 99 5
51 105 19 223 195 50 29 94 246 192 307
51 307
59 69 310 82 263 342 213 163 76 73 392 233 280 249 83 239 335 172 329 221 59
6 334
6 382 334
66 217 325 354 292 124 93 88 32 75 151
80 193 247 355 365 0 324 250
80 250
90 384 231 380 388 228 181 37 38 174 112 199
92 123 184 368 211 132 253 218 158 302 189 169 204 136 70 200 110
